# 36 3
0.09999999999999998 0.09999999999999998 0.8
0.09999999999999998 0.1999999 0.7000001
0.09999999999999998 0.29999980000000004 0.6000002
0.09999999999999998 0.3999997 0.5000003
0.09999999999999998 0.5000003 0.3999997
0.09999999999999998 0.6000002 0.29999980000000004
0.09999999999999998 0.7000001 0.1999999
0.09999999999999998 0.8 0.09999999999999998
0.1999999 0.09999999999999998 0.7000001
0.1999999 0.1999999 0.6000002
0.1999999 0.29999980000000004 0.5000003
0.20000013333333333 0.39999993333333334 0.39999993333333334
0.1999999 0.5000003 0.29999980000000004
0.1999999 0.6000002 0.1999999
0.1999999 0.7000001 0.09999999999999998
0.29999980000000004 0.09999999999999998 0.6000002
0.29999980000000004 0.1999999 0.5000003
0.30000003333333336 0.30000003333333336 0.39999993333333334
0.30000003333333336 0.39999993333333334 0.30000003333333336
0.29999980000000004 0.5000003 0.1999999
0.29999980000000004 0.6000002 0.09999999999999998
0.3999997 0.09999999999999998 0.5000003
0.39999993333333334 0.20000013333333333 0.39999993333333334
0.39999993333333334 0.30000003333333336 0.30000003333333336
0.39999993333333334 0.39999993333333334 0.20000013333333333
0.3999997 0.5000003 0.09999999999999998
0.5000003 0.09999999999999998 0.3999997
0.5000003 0.1999999 0.29999980000000004
0.5000003 0.29999980000000004 0.1999999
0.5000003 0.3999997 0.09999999999999998
0.6000002 0.09999999999999998 0.29999980000000004
0.6000002 0.1999999 0.1999999
0.6000002 0.29999980000000004 0.09999999999999998
0.7000001 0.09999999999999998 0.1999999
0.7000001 0.1999999 0.09999999999999998
0.8 0.09999999999999998 0.09999999999999998
