# 36 3
0.2333333333333333 0.2333333333333333 0.5333333333333333
0.2333333333333333 0.2761904333333333 0.49047623333333334
0.2333333333333333 0.31904753333333336 0.44761913333333336
0.2333333333333333 0.36190463333333334 0.4047620333333333
0.2333333333333333 0.4047620333333333 0.36190463333333334
0.2333333333333333 0.44761913333333336 0.31904753333333336
0.2333333333333333 0.49047623333333334 0.2761904333333333
0.2333333333333333 0.5333333333333333 0.2333333333333333
0.2761904333333333 0.2333333333333333 0.49047623333333334
0.2761904333333333 0.2761904333333333 0.44761913333333336
0.2761904333333333 0.31904753333333336 0.4047620333333333
0.2761905333333333 0.36190473333333334 0.36190473333333334
0.2761904333333333 0.4047620333333333 0.31904753333333336
0.2761904333333333 0.44761913333333336 0.2761904333333333
0.2761904333333333 0.49047623333333334 0.2333333333333333
0.31904753333333336 0.2333333333333333 0.44761913333333336
0.31904753333333336 0.2761904333333333 0.4047620333333333
0.3190476333333333 0.3190476333333333 0.3619047333333333
0.3190476333333333 0.3619047333333333 0.3190476333333333
0.31904753333333336 0.4047620333333333 0.2761904333333333
0.31904753333333336 0.44761913333333336 0.2333333333333333
0.36190463333333334 0.2333333333333333 0.4047620333333333
0.36190473333333334 0.2761905333333333 0.36190473333333334
0.3619047333333333 0.3190476333333333 0.3190476333333333
0.36190473333333334 0.36190473333333334 0.2761905333333333
0.36190463333333334 0.4047620333333333 0.2333333333333333
0.4047620333333333 0.2333333333333333 0.36190463333333334
0.4047620333333333 0.2761904333333333 0.31904753333333336
0.4047620333333333 0.31904753333333336 0.2761904333333333
0.4047620333333333 0.36190463333333334 0.2333333333333333
0.44761913333333336 0.2333333333333333 0.31904753333333336
0.44761913333333336 0.2761904333333333 0.2761904333333333
0.44761913333333336 0.31904753333333336 0.2333333333333333
0.49047623333333334 0.2333333333333333 0.2761904333333333
0.49047623333333334 0.2761904333333333 0.2333333333333333
0.5333333333333333 0.2333333333333333 0.2333333333333333
