# 84 4
0.04999999999999999 0.04999999999999999 0.04999999999999999 0.8500000000000001
0.04999999999999999 0.04999999999999999 0.1833336 0.7166664
0.04999999999999999 0.04999999999999999 0.3166664 0.5833336
0.04999999999999999 0.04999999999999999 0.45 0.45
0.04999999999999999 0.04999999999999999 0.5833336 0.3166664
0.04999999999999999 0.04999999999999999 0.7166664 0.1833336
0.04999999999999999 0.04999999999999999 0.8500000000000001 0.04999999999999999
0.04999999999999999 0.1833336 0.04999999999999999 0.7166664
0.04999979999999998 0.1833334 0.1833334 0.5833334000000001
0.04999999999999999 0.1833336 0.3166664 0.45
0.04999999999999999 0.1833336 0.45 0.3166664
0.049999799999999955 0.18333339999999998 0.5833334 0.18333339999999998
0.04999999999999999 0.1833336 0.7166664 0.04999999999999999
0.04999999999999999 0.3166664 0.04999999999999999 0.5833336
0.04999999999999999 0.3166664 0.1833336 0.45
0.050000199999999995 0.3166666 0.3166666 0.3166666
0.04999999999999999 0.3166664 0.45 0.1833336
0.04999999999999999 0.3166664 0.5833336 0.04999999999999999
0.04999999999999999 0.45 0.04999999999999999 0.45
0.04999999999999999 0.45 0.1833336 0.3166664
0.04999999999999999 0.45 0.3166664 0.1833336
0.04999999999999999 0.45 0.45 0.04999999999999999
0.04999999999999999 0.5833336 0.04999999999999999 0.3166664
0.049999799999999955 0.5833334 0.18333339999999998 0.18333339999999998
0.04999999999999999 0.5833336 0.3166664 0.04999999999999999
0.04999999999999999 0.7166664 0.04999999999999999 0.1833336
0.04999999999999999 0.7166664 0.1833336 0.04999999999999999
0.04999999999999999 0.8500000000000001 0.04999999999999999 0.04999999999999999
0.1833336 0.04999999999999999 0.04999999999999999 0.7166664
0.1833334 0.04999979999999998 0.1833334 0.5833334000000001
0.1833336 0.04999999999999999 0.3166664 0.45
0.1833336 0.04999999999999999 0.45 0.3166664
0.18333339999999998 0.049999799999999955 0.5833334 0.18333339999999998
0.1833336 0.04999999999999999 0.7166664 0.04999999999999999
0.1833334 0.1833334 0.04999979999999998 0.5833334000000001
0.1833334 0.1833334 0.1833334 0.4499998
0.1833336 0.1833336 0.3166664 0.3166664
0.1833334 0.1833334 0.4499998 0.1833334
0.1833334 0.1833334 0.5833334000000001 0.04999979999999998
0.1833336 0.3166664 0.04999999999999999 0.45
0.1833336 0.3166664 0.1833336 0.3166664
0.1833336 0.3166664 0.3166664 0.1833336
0.1833336 0.3166664 0.45 0.04999999999999999
0.1833336 0.45 0.04999999999999999 0.3166664
0.18333339999999998 0.44999979999999995 0.18333339999999998 0.18333339999999998
0.1833336 0.45 0.3166664 0.04999999999999999
0.18333339999999998 0.5833334 0.049999799999999955 0.18333339999999998
0.18333339999999998 0.5833334 0.18333339999999998 0.049999799999999955
0.1833336 0.7166664 0.04999999999999999 0.04999999999999999
0.3166664 0.04999999999999999 0.04999999999999999 0.5833336
0.3166664 0.04999999999999999 0.1833336 0.45
0.3166666 0.050000199999999995 0.3166666 0.3166666
0.3166664 0.04999999999999999 0.45 0.1833336
0.3166664 0.04999999999999999 0.5833336 0.04999999999999999
0.3166664 0.1833336 0.04999999999999999 0.45
0.3166664 0.1833336 0.1833336 0.3166664
0.3166664 0.1833336 0.3166664 0.1833336
0.3166664 0.1833336 0.45 0.04999999999999999
0.3166666 0.3166666 0.050000199999999995 0.3166666
0.3166664 0.3166664 0.18333359999999999 0.18333359999999999
0.3166666 0.3166666 0.3166666 0.050000199999999995
0.3166664 0.45 0.04999999999999999 0.1833336
0.3166664 0.45 0.1833336 0.04999999999999999
0.3166664 0.5833336 0.04999999999999999 0.04999999999999999
0.45 0.04999999999999999 0.04999999999999999 0.45
0.45 0.04999999999999999 0.1833336 0.3166664
0.45 0.04999999999999999 0.3166664 0.1833336
0.45 0.04999999999999999 0.45 0.04999999999999999
0.45 0.1833336 0.04999999999999999 0.3166664
0.44999979999999995 0.18333339999999998 0.18333339999999998 0.18333339999999998
0.45 0.1833336 0.3166664 0.04999999999999999
0.45 0.3166664 0.04999999999999999 0.1833336
0.45 0.3166664 0.1833336 0.04999999999999999
0.45 0.45 0.04999999999999999 0.04999999999999999
0.5833336 0.04999999999999999 0.04999999999999999 0.3166664
0.5833334 0.049999799999999955 0.18333339999999998 0.18333339999999998
0.5833336 0.04999999999999999 0.3166664 0.04999999999999999
0.5833334 0.18333339999999998 0.049999799999999955 0.18333339999999998
0.5833334 0.18333339999999998 0.18333339999999998 0.049999799999999955
0.5833336 0.3166664 0.04999999999999999 0.04999999999999999
0.7166664 0.04999999999999999 0.04999999999999999 0.1833336
0.7166664 0.04999999999999999 0.1833336 0.04999999999999999
0.7166664 0.1833336 0.04999999999999999 0.04999999999999999
0.8500000000000001 0.04999999999999999 0.04999999999999999 0.04999999999999999
