# 84 4
0.07499999999999998 0.07499999999999998 0.07499999999999998 0.775
0.07499999999999998 0.07499999999999998 0.1916669 0.6583331
0.07499999999999998 0.07499999999999998 0.3083331 0.5416669000000001
0.07499999999999998 0.07499999999999998 0.42500000000000004 0.42500000000000004
0.07499999999999998 0.07499999999999998 0.5416669000000001 0.3083331
0.07499999999999998 0.07499999999999998 0.6583331 0.1916669
0.07499999999999998 0.07499999999999998 0.775 0.07499999999999998
0.07499999999999998 0.1916669 0.07499999999999998 0.6583331
0.07499982499999996 0.19166672499999998 0.19166672499999998 0.541666725
0.07499999999999998 0.1916669 0.3083331 0.42500000000000004
0.07499999999999998 0.1916669 0.42500000000000004 0.3083331
0.07499982499999996 0.19166672499999998 0.541666725 0.19166672499999998
0.07499999999999998 0.1916669 0.6583331 0.07499999999999998
0.07499999999999998 0.3083331 0.07499999999999998 0.5416669000000001
0.07499999999999998 0.3083331 0.1916669 0.42500000000000004
0.075000175 0.308333275 0.308333275 0.308333275
0.07499999999999998 0.3083331 0.42500000000000004 0.1916669
0.07499999999999998 0.3083331 0.5416669000000001 0.07499999999999998
0.07499999999999998 0.42500000000000004 0.07499999999999998 0.42500000000000004
0.07499999999999998 0.42500000000000004 0.1916669 0.3083331
0.07499999999999998 0.42500000000000004 0.3083331 0.1916669
0.07499999999999998 0.42500000000000004 0.42500000000000004 0.07499999999999998
0.07499999999999998 0.5416669000000001 0.07499999999999998 0.3083331
0.07499982499999996 0.541666725 0.19166672499999998 0.19166672499999998
0.07499999999999998 0.5416669000000001 0.3083331 0.07499999999999998
0.07499999999999998 0.6583331 0.07499999999999998 0.1916669
0.07499999999999998 0.6583331 0.1916669 0.07499999999999998
0.07499999999999998 0.775 0.07499999999999998 0.07499999999999998
0.1916669 0.07499999999999998 0.07499999999999998 0.6583331
0.19166672499999998 0.07499982499999996 0.19166672499999998 0.541666725
0.1916669 0.07499999999999998 0.3083331 0.42500000000000004
0.1916669 0.07499999999999998 0.42500000000000004 0.3083331
0.19166672499999998 0.07499982499999996 0.541666725 0.19166672499999998
0.1916669 0.07499999999999998 0.6583331 0.07499999999999998
0.19166672499999998 0.19166672499999998 0.07499982499999996 0.541666725
0.19166672499999998 0.19166672499999998 0.19166672499999998 0.424999825
0.1916669 0.1916669 0.3083331 0.3083331
0.19166672499999998 0.19166672499999998 0.424999825 0.19166672499999998
0.19166672499999998 0.19166672499999998 0.541666725 0.07499982499999996
0.1916669 0.3083331 0.07499999999999998 0.42500000000000004
0.1916669 0.3083331 0.1916669 0.3083331
0.1916669 0.3083331 0.3083331 0.1916669
0.1916669 0.3083331 0.42500000000000004 0.07499999999999998
0.1916669 0.42500000000000004 0.07499999999999998 0.3083331
0.19166672499999998 0.424999825 0.19166672499999998 0.19166672499999998
0.1916669 0.42500000000000004 0.3083331 0.07499999999999998
0.19166672499999998 0.541666725 0.07499982499999996 0.19166672499999998
0.19166672499999998 0.541666725 0.19166672499999998 0.07499982499999996
0.1916669 0.6583331 0.07499999999999998 0.07499999999999998
0.3083331 0.07499999999999998 0.07499999999999998 0.5416669000000001
0.3083331 0.07499999999999998 0.1916669 0.42500000000000004
0.308333275 0.075000175 0.308333275 0.308333275
0.3083331 0.07499999999999998 0.42500000000000004 0.1916669
0.3083331 0.07499999999999998 0.5416669000000001 0.07499999999999998
0.3083331 0.1916669 0.07499999999999998 0.42500000000000004
0.3083331 0.1916669 0.1916669 0.3083331
0.3083331 0.1916669 0.3083331 0.1916669
0.3083331 0.1916669 0.42500000000000004 0.07499999999999998
0.308333275 0.308333275 0.075000175 0.308333275
0.3083331 0.3083331 0.1916669 0.1916669
0.308333275 0.308333275 0.308333275 0.075000175
0.3083331 0.42500000000000004 0.07499999999999998 0.1916669
0.3083331 0.42500000000000004 0.1916669 0.07499999999999998
0.3083331 0.5416669000000001 0.07499999999999998 0.07499999999999998
0.42500000000000004 0.07499999999999998 0.07499999999999998 0.42500000000000004
0.42500000000000004 0.07499999999999998 0.1916669 0.3083331
0.42500000000000004 0.07499999999999998 0.3083331 0.1916669
0.42500000000000004 0.07499999999999998 0.42500000000000004 0.07499999999999998
0.42500000000000004 0.1916669 0.07499999999999998 0.3083331
0.424999825 0.19166672499999998 0.19166672499999998 0.19166672499999998
0.42500000000000004 0.1916669 0.3083331 0.07499999999999998
0.42500000000000004 0.3083331 0.07499999999999998 0.1916669
0.42500000000000004 0.3083331 0.1916669 0.07499999999999998
0.42500000000000004 0.42500000000000004 0.07499999999999998 0.07499999999999998
0.5416669000000001 0.07499999999999998 0.07499999999999998 0.3083331
0.541666725 0.07499982499999996 0.19166672499999998 0.19166672499999998
0.5416669000000001 0.07499999999999998 0.3083331 0.07499999999999998
0.541666725 0.19166672499999998 0.07499982499999996 0.19166672499999998
0.541666725 0.19166672499999998 0.19166672499999998 0.07499982499999996
0.5416669000000001 0.3083331 0.07499999999999998 0.07499999999999998
0.6583331 0.07499999999999998 0.07499999999999998 0.1916669
0.6583331 0.07499999999999998 0.1916669 0.07499999999999998
0.6583331 0.1916669 0.07499999999999998 0.07499999999999998
0.775 0.07499999999999998 0.07499999999999998 0.07499999999999998
