# 84 4
0.225 0.225 0.225 0.325
0.225 0.225 0.2416667 0.30833330000000003
0.225 0.225 0.2583333 0.2916667
0.225 0.225 0.275 0.275
0.225 0.225 0.2916667 0.2583333
0.225 0.225 0.30833330000000003 0.2416667
0.225 0.225 0.325 0.225
0.225 0.2416667 0.225 0.30833330000000003
0.224999975 0.241666675 0.241666675 0.291666675
0.225 0.2416667 0.2583333 0.275
0.225 0.2416667 0.275 0.2583333
0.224999975 0.241666675 0.291666675 0.241666675
0.225 0.2416667 0.30833330000000003 0.225
0.225 0.2583333 0.225 0.2916667
0.225 0.2583333 0.2416667 0.275
0.225000025 0.258333325 0.258333325 0.258333325
0.225 0.2583333 0.275 0.2416667
0.225 0.2583333 0.2916667 0.225
0.225 0.275 0.225 0.275
0.225 0.275 0.2416667 0.2583333
0.225 0.275 0.2583333 0.2416667
0.225 0.275 0.275 0.225
0.225 0.2916667 0.225 0.2583333
0.224999975 0.291666675 0.241666675 0.241666675
0.225 0.2916667 0.2583333 0.225
0.225 0.30833330000000003 0.225 0.2416667
0.225 0.30833330000000003 0.2416667 0.225
0.225 0.325 0.225 0.225
0.2416667 0.225 0.225 0.30833330000000003
0.241666675 0.224999975 0.241666675 0.291666675
0.2416667 0.225 0.2583333 0.275
0.2416667 0.225 0.275 0.2583333
0.241666675 0.224999975 0.291666675 0.241666675
0.2416667 0.225 0.30833330000000003 0.225
0.241666675 0.241666675 0.224999975 0.291666675
0.241666675 0.241666675 0.241666675 0.274999975
0.2416667 0.2416667 0.2583333 0.2583333
0.241666675 0.241666675 0.274999975 0.241666675
0.241666675 0.241666675 0.291666675 0.224999975
0.2416667 0.2583333 0.225 0.275
0.2416667 0.2583333 0.2416667 0.2583333
0.2416667 0.2583333 0.2583333 0.2416667
0.2416667 0.2583333 0.275 0.225
0.2416667 0.275 0.225 0.2583333
0.241666675 0.274999975 0.241666675 0.241666675
0.2416667 0.275 0.2583333 0.225
0.241666675 0.291666675 0.224999975 0.241666675
0.241666675 0.291666675 0.241666675 0.224999975
0.2416667 0.30833330000000003 0.225 0.225
0.2583333 0.225 0.225 0.2916667
0.2583333 0.225 0.2416667 0.275
0.258333325 0.225000025 0.258333325 0.258333325
0.2583333 0.225 0.275 0.2416667
0.2583333 0.225 0.2916667 0.225
0.2583333 0.2416667 0.225 0.275
0.2583333 0.2416667 0.2416667 0.2583333
0.2583333 0.2416667 0.2583333 0.2416667
0.2583333 0.2416667 0.275 0.225
0.258333325 0.258333325 0.225000025 0.258333325
0.2583333 0.2583333 0.2416667 0.2416667
0.258333325 0.258333325 0.258333325 0.225000025
0.2583333 0.275 0.225 0.2416667
0.2583333 0.275 0.2416667 0.225
0.2583333 0.2916667 0.225 0.225
0.275 0.225 0.225 0.275
0.275 0.225 0.2416667 0.2583333
0.275 0.225 0.2583333 0.2416667
0.275 0.225 0.275 0.225
0.275 0.2416667 0.225 0.2583333
0.274999975 0.241666675 0.241666675 0.241666675
0.275 0.2416667 0.2583333 0.225
0.275 0.2583333 0.225 0.2416667
0.275 0.2583333 0.2416667 0.225
0.275 0.275 0.225 0.225
0.2916667 0.225 0.225 0.2583333
0.291666675 0.224999975 0.241666675 0.241666675
0.2916667 0.225 0.2583333 0.225
0.291666675 0.241666675 0.224999975 0.241666675
0.291666675 0.241666675 0.241666675 0.224999975
0.2916667 0.2583333 0.225 0.225
0.30833330000000003 0.225 0.225 0.2416667
0.30833330000000003 0.225 0.2416667 0.225
0.30833330000000003 0.2416667 0.225 0.225
0.325 0.225 0.225 0.225
