# 84 4
0.15 0.15 0.15 0.55
0.15 0.15 0.2166668 0.4833332
0.15 0.15 0.2833332 0.4166668
0.15 0.15 0.35 0.35
0.15 0.15 0.4166668 0.2833332
0.15 0.15 0.4833332 0.2166668
0.15 0.15 0.55 0.15
0.15 0.2166668 0.15 0.4833332
0.1499999 0.2166667 0.2166667 0.41666670000000006
0.15 0.2166668 0.2833332 0.35
0.15 0.2166668 0.35 0.2833332
0.14999989999999996 0.2166667 0.4166667 0.2166667
0.15 0.2166668 0.4833332 0.15
0.15 0.2833332 0.15 0.4166668
0.15 0.2833332 0.2166668 0.35
0.1500001 0.2833333 0.2833333 0.2833333
0.15 0.2833332 0.35 0.2166668
0.15 0.2833332 0.4166668 0.15
0.15 0.35 0.15 0.35
0.15 0.35 0.2166668 0.2833332
0.15 0.35 0.2833332 0.2166668
0.15 0.35 0.35 0.15
0.15 0.4166668 0.15 0.2833332
0.14999989999999996 0.4166667 0.2166667 0.2166667
0.15 0.4166668 0.2833332 0.15
0.15 0.4833332 0.15 0.2166668
0.15 0.4833332 0.2166668 0.15
0.15 0.55 0.15 0.15
0.2166668 0.15 0.15 0.4833332
0.2166667 0.1499999 0.2166667 0.41666670000000006
0.2166668 0.15 0.2833332 0.35
0.2166668 0.15 0.35 0.2833332
0.2166667 0.14999989999999996 0.4166667 0.2166667
0.2166668 0.15 0.4833332 0.15
0.2166667 0.2166667 0.1499999 0.41666670000000006
0.2166667 0.2166667 0.2166667 0.34999990000000003
0.2166668 0.2166668 0.2833332 0.2833332
0.2166667 0.2166667 0.34999990000000003 0.2166667
0.2166667 0.2166667 0.41666670000000006 0.1499999
0.2166668 0.2833332 0.15 0.35
0.2166668 0.2833332 0.2166668 0.2833332
0.2166668 0.2833332 0.2833332 0.2166668
0.2166668 0.2833332 0.35 0.15
0.2166668 0.35 0.15 0.2833332
0.2166667 0.3499999 0.2166667 0.2166667
0.2166668 0.35 0.2833332 0.15
0.2166667 0.4166667 0.14999989999999996 0.2166667
0.2166667 0.4166667 0.2166667 0.14999989999999996
0.2166668 0.4833332 0.15 0.15
0.2833332 0.15 0.15 0.4166668
0.2833332 0.15 0.2166668 0.35
0.2833333 0.1500001 0.2833333 0.2833333
0.2833332 0.15 0.35 0.2166668
0.2833332 0.15 0.4166668 0.15
0.2833332 0.2166668 0.15 0.35
0.2833332 0.2166668 0.2166668 0.2833332
0.2833332 0.2166668 0.2833332 0.2166668
0.2833332 0.2166668 0.35 0.15
0.2833333 0.2833333 0.1500001 0.2833333
0.28333319999999995 0.28333319999999995 0.2166668 0.2166668
0.2833333 0.2833333 0.2833333 0.1500001
0.2833332 0.35 0.15 0.2166668
0.2833332 0.35 0.2166668 0.15
0.2833332 0.4166668 0.15 0.15
0.35 0.15 0.15 0.35
0.35 0.15 0.2166668 0.2833332
0.35 0.15 0.2833332 0.2166668
0.35 0.15 0.35 0.15
0.35 0.2166668 0.15 0.2833332
0.3499999 0.2166667 0.2166667 0.2166667
0.35 0.2166668 0.2833332 0.15
0.35 0.2833332 0.15 0.2166668
0.35 0.2833332 0.2166668 0.15
0.35 0.35 0.15 0.15
0.4166668 0.15 0.15 0.2833332
0.4166667 0.14999989999999996 0.2166667 0.2166667
0.4166668 0.15 0.2833332 0.15
0.4166667 0.2166667 0.14999989999999996 0.2166667
0.4166667 0.2166667 0.2166667 0.14999989999999996
0.4166668 0.2833332 0.15 0.15
0.4833332 0.15 0.15 0.2166668
0.4833332 0.15 0.2166668 0.15
0.4833332 0.2166668 0.15 0.15
0.55 0.15 0.15 0.15
