# 36 3
0.26666666666666666 0.26666666666666666 0.4666666666666667
0.26666666666666666 0.2952380666666667 0.43809526666666665
0.26666666666666666 0.32380946666666666 0.4095238666666666
0.26666666666666666 0.3523808666666667 0.38095246666666666
0.26666666666666666 0.38095246666666666 0.3523808666666667
0.26666666666666666 0.4095238666666666 0.32380946666666666
0.26666666666666666 0.43809526666666665 0.2952380666666667
0.26666666666666666 0.4666666666666667 0.26666666666666666
0.2952380666666667 0.26666666666666666 0.43809526666666665
0.2952380666666667 0.2952380666666667 0.4095238666666666
0.2952380666666667 0.32380946666666666 0.38095246666666666
0.2952381333333333 0.3523809333333333 0.3523809333333333
0.2952380666666667 0.38095246666666666 0.32380946666666666
0.2952380666666667 0.4095238666666666 0.2952380666666667
0.2952380666666667 0.43809526666666665 0.26666666666666666
0.32380946666666666 0.26666666666666666 0.4095238666666666
0.32380946666666666 0.2952380666666667 0.38095246666666666
0.3238095333333333 0.3238095333333333 0.3523809333333333
0.3238095333333333 0.3523809333333333 0.3238095333333333
0.32380946666666666 0.38095246666666666 0.2952380666666667
0.32380946666666666 0.4095238666666666 0.26666666666666666
0.3523808666666667 0.26666666666666666 0.38095246666666666
0.3523809333333333 0.2952381333333333 0.3523809333333333
0.3523809333333333 0.3238095333333333 0.3238095333333333
0.3523809333333333 0.3523809333333333 0.2952381333333333
0.3523808666666667 0.38095246666666666 0.26666666666666666
0.38095246666666666 0.26666666666666666 0.3523808666666667
0.38095246666666666 0.2952380666666667 0.32380946666666666
0.38095246666666666 0.32380946666666666 0.2952380666666667
0.38095246666666666 0.3523808666666667 0.26666666666666666
0.4095238666666666 0.26666666666666666 0.32380946666666666
0.4095238666666666 0.2952380666666667 0.2952380666666667
0.4095238666666666 0.32380946666666666 0.26666666666666666
0.43809526666666665 0.26666666666666666 0.2952380666666667
0.43809526666666665 0.2952380666666667 0.26666666666666666
0.4666666666666667 0.26666666666666666 0.26666666666666666
