# 36 3
0.13333333333333333 0.13333333333333333 0.7333333333333333
0.13333333333333333 0.21904753333333332 0.6476191333333333
0.13333333333333333 0.30476173333333334 0.5619049333333334
0.13333333333333333 0.3904759333333333 0.4761907333333333
0.13333333333333333 0.4761907333333333 0.3904759333333333
0.13333333333333333 0.5619049333333334 0.30476173333333334
0.13333333333333333 0.6476191333333333 0.21904753333333332
0.13333333333333333 0.7333333333333333 0.13333333333333333
0.21904753333333332 0.13333333333333333 0.6476191333333333
0.21904753333333332 0.21904753333333332 0.5619049333333334
0.21904753333333332 0.30476173333333334 0.4761907333333333
0.21904773333333333 0.3904761333333333 0.3904761333333333
0.21904753333333332 0.4761907333333333 0.30476173333333334
0.21904753333333332 0.5619049333333334 0.21904753333333332
0.21904753333333332 0.6476191333333333 0.13333333333333333
0.30476173333333334 0.13333333333333333 0.5619049333333334
0.30476173333333334 0.21904753333333332 0.4761907333333333
0.30476193333333335 0.30476193333333335 0.3904761333333333
0.30476193333333335 0.3904761333333333 0.30476193333333335
0.30476173333333334 0.4761907333333333 0.21904753333333332
0.30476173333333334 0.5619049333333334 0.13333333333333333
0.3904759333333333 0.13333333333333333 0.4761907333333333
0.3904761333333333 0.21904773333333333 0.3904761333333333
0.3904761333333333 0.30476193333333335 0.30476193333333335
0.3904761333333333 0.3904761333333333 0.21904773333333333
0.3904759333333333 0.4761907333333333 0.13333333333333333
0.4761907333333333 0.13333333333333333 0.3904759333333333
0.4761907333333333 0.21904753333333332 0.30476173333333334
0.4761907333333333 0.30476173333333334 0.21904753333333332
0.4761907333333333 0.3904759333333333 0.13333333333333333
0.5619049333333334 0.13333333333333333 0.30476173333333334
0.5619049333333334 0.21904753333333332 0.21904753333333332
0.5619049333333334 0.30476173333333334 0.13333333333333333
0.6476191333333333 0.13333333333333333 0.21904753333333332
0.6476191333333333 0.21904753333333332 0.13333333333333333
0.7333333333333333 0.13333333333333333 0.13333333333333333
