# 36 3
0.19999999999999998 0.19999999999999998 0.6
0.19999999999999998 0.2571428 0.5428572
0.19999999999999998 0.3142856 0.4857144
0.19999999999999998 0.3714284 0.42857159999999994
0.19999999999999998 0.42857159999999994 0.3714284
0.19999999999999998 0.4857144 0.3142856
0.19999999999999998 0.5428572 0.2571428
0.19999999999999998 0.6 0.19999999999999998
0.2571428 0.19999999999999998 0.5428572
0.2571428 0.2571428 0.4857144
0.2571428 0.3142856 0.42857159999999994
0.2571429333333333 0.37142853333333337 0.37142853333333337
0.2571428 0.42857159999999994 0.3142856
0.25714280000000006 0.4857144 0.25714280000000006
0.2571428 0.5428572 0.19999999999999998
0.3142856 0.19999999999999998 0.4857144
0.3142856 0.2571428 0.42857159999999994
0.3142857333333333 0.3142857333333333 0.37142853333333337
0.3142857333333333 0.37142853333333337 0.3142857333333333
0.31428560000000005 0.42857160000000005 0.25714280000000006
0.3142856 0.4857144 0.19999999999999998
0.3714284 0.19999999999999998 0.42857159999999994
0.37142853333333337 0.2571429333333333 0.37142853333333337
0.37142853333333337 0.3142857333333333 0.3142857333333333
0.37142853333333337 0.37142853333333337 0.2571429333333333
0.3714284 0.42857159999999994 0.19999999999999998
0.42857159999999994 0.19999999999999998 0.3714284
0.42857159999999994 0.2571428 0.3142856
0.42857160000000005 0.31428560000000005 0.25714280000000006
0.42857159999999994 0.3714284 0.19999999999999998
0.4857144 0.19999999999999998 0.3142856
0.4857144 0.25714280000000006 0.25714280000000006
0.4857144 0.3142856 0.19999999999999998
0.5428572 0.19999999999999998 0.2571428
0.5428572 0.2571428 0.19999999999999998
0.6 0.19999999999999998 0.19999999999999998
