# 84 4
0.2 0.2 0.2 0.4
0.2 0.2 0.23333340000000002 0.3666666
0.2 0.2 0.26666660000000003 0.3333334
0.2 0.2 0.30000000000000004 0.30000000000000004
0.2 0.2 0.3333334 0.26666660000000003
0.2 0.2 0.3666666 0.23333340000000002
0.2 0.2 0.4 0.2
0.2 0.23333340000000002 0.2 0.3666666
0.19999994999999998 0.23333335 0.23333335 0.33333335
0.2 0.23333340000000002 0.26666660000000003 0.30000000000000004
0.2 0.23333340000000002 0.30000000000000004 0.26666660000000003
0.19999994999999998 0.23333335 0.33333335 0.23333335
0.2 0.23333340000000002 0.3666666 0.2
0.2 0.26666660000000003 0.2 0.3333334
0.2 0.26666660000000003 0.23333340000000002 0.30000000000000004
0.20000004999999998 0.26666665 0.26666665 0.26666665
0.2 0.26666660000000003 0.30000000000000004 0.23333340000000002
0.2 0.26666660000000003 0.3333334 0.2
0.2 0.30000000000000004 0.2 0.30000000000000004
0.2 0.30000000000000004 0.23333340000000002 0.26666660000000003
0.2 0.30000000000000004 0.26666660000000003 0.23333340000000002
0.2 0.30000000000000004 0.30000000000000004 0.2
0.2 0.3333334 0.2 0.26666660000000003
0.19999994999999998 0.33333335 0.23333335 0.23333335
0.2 0.3333334 0.26666660000000003 0.2
0.2 0.3666666 0.2 0.23333340000000002
0.2 0.3666666 0.23333340000000002 0.2
0.2 0.4 0.2 0.2
0.23333340000000002 0.2 0.2 0.3666666
0.23333335 0.19999994999999998 0.23333335 0.33333335
0.23333340000000002 0.2 0.26666660000000003 0.30000000000000004
0.23333340000000002 0.2 0.30000000000000004 0.26666660000000003
0.23333335 0.19999994999999998 0.33333335 0.23333335
0.23333340000000002 0.2 0.3666666 0.2
0.23333335 0.23333335 0.19999994999999998 0.33333335
0.23333335 0.23333335 0.23333335 0.29999995
0.23333340000000002 0.23333340000000002 0.26666660000000003 0.26666660000000003
0.23333335 0.23333335 0.29999995 0.23333335
0.23333335 0.23333335 0.33333335 0.19999994999999998
0.23333340000000002 0.26666660000000003 0.2 0.30000000000000004
0.23333340000000002 0.26666660000000003 0.23333340000000002 0.26666660000000003
0.23333340000000002 0.26666660000000003 0.26666660000000003 0.23333340000000002
0.23333340000000002 0.26666660000000003 0.30000000000000004 0.2
0.23333340000000002 0.30000000000000004 0.2 0.26666660000000003
0.23333335 0.29999995 0.23333335 0.23333335
0.23333340000000002 0.30000000000000004 0.26666660000000003 0.2
0.23333335 0.33333335 0.19999994999999998 0.23333335
0.23333335 0.33333335 0.23333335 0.19999994999999998
0.23333340000000002 0.3666666 0.2 0.2
0.26666660000000003 0.2 0.2 0.3333334
0.26666660000000003 0.2 0.23333340000000002 0.30000000000000004
0.26666665 0.20000004999999998 0.26666665 0.26666665
0.26666660000000003 0.2 0.30000000000000004 0.23333340000000002
0.26666660000000003 0.2 0.3333334 0.2
0.26666660000000003 0.23333340000000002 0.2 0.30000000000000004
0.26666660000000003 0.23333340000000002 0.23333340000000002 0.26666660000000003
0.26666660000000003 0.23333340000000002 0.26666660000000003 0.23333340000000002
0.26666660000000003 0.23333340000000002 0.30000000000000004 0.2
0.26666665 0.26666665 0.20000004999999998 0.26666665
0.2666666 0.2666666 0.2333334 0.2333334
0.26666665 0.26666665 0.26666665 0.20000004999999998
0.26666660000000003 0.30000000000000004 0.2 0.23333340000000002
0.26666660000000003 0.30000000000000004 0.23333340000000002 0.2
0.26666660000000003 0.3333334 0.2 0.2
0.30000000000000004 0.2 0.2 0.30000000000000004
0.30000000000000004 0.2 0.23333340000000002 0.26666660000000003
0.30000000000000004 0.2 0.26666660000000003 0.23333340000000002
0.30000000000000004 0.2 0.30000000000000004 0.2
0.30000000000000004 0.23333340000000002 0.2 0.26666660000000003
0.29999995 0.23333335 0.23333335 0.23333335
0.30000000000000004 0.23333340000000002 0.26666660000000003 0.2
0.30000000000000004 0.26666660000000003 0.2 0.23333340000000002
0.30000000000000004 0.26666660000000003 0.23333340000000002 0.2
0.30000000000000004 0.30000000000000004 0.2 0.2
0.3333334 0.2 0.2 0.26666660000000003
0.33333335 0.19999994999999998 0.23333335 0.23333335
0.3333334 0.2 0.26666660000000003 0.2
0.33333335 0.23333335 0.19999994999999998 0.23333335
0.33333335 0.23333335 0.23333335 0.19999994999999998
0.3333334 0.26666660000000003 0.2 0.2
0.3666666 0.2 0.2 0.23333340000000002
0.3666666 0.2 0.23333340000000002 0.2
0.3666666 0.23333340000000002 0.2 0.2
0.4 0.2 0.2 0.2
