# 84 4
0.125 0.125 0.125 0.625
0.125 0.125 0.2083335 0.5416665
0.125 0.125 0.2916665 0.4583335
0.125 0.125 0.375 0.375
0.125 0.125 0.4583335 0.2916665
0.125 0.125 0.5416665 0.2083335
0.125 0.125 0.625 0.125
0.125 0.2083335 0.125 0.5416665
0.12499987499999998 0.208333375 0.208333375 0.458333375
0.125 0.2083335 0.2916665 0.375
0.125 0.2083335 0.375 0.2916665
0.12499987499999998 0.208333375 0.458333375 0.208333375
0.125 0.2083335 0.5416665 0.125
0.125 0.2916665 0.125 0.4583335
0.125 0.2916665 0.2083335 0.375
0.12500012500000002 0.291666625 0.291666625 0.291666625
0.125 0.2916665 0.375 0.2083335
0.125 0.2916665 0.4583335 0.125
0.125 0.375 0.125 0.375
0.125 0.375 0.2083335 0.2916665
0.125 0.375 0.2916665 0.2083335
0.125 0.375 0.375 0.125
0.125 0.4583335 0.125 0.2916665
0.12499987499999998 0.458333375 0.208333375 0.208333375
0.125 0.4583335 0.2916665 0.125
0.125 0.5416665 0.125 0.2083335
0.125 0.5416665 0.2083335 0.125
0.125 0.625 0.125 0.125
0.2083335 0.125 0.125 0.5416665
0.208333375 0.12499987499999998 0.208333375 0.458333375
0.2083335 0.125 0.2916665 0.375
0.2083335 0.125 0.375 0.2916665
0.208333375 0.12499987499999998 0.458333375 0.208333375
0.2083335 0.125 0.5416665 0.125
0.208333375 0.208333375 0.12499987499999998 0.458333375
0.208333375 0.208333375 0.208333375 0.374999875
0.2083335 0.2083335 0.2916665 0.2916665
0.208333375 0.208333375 0.374999875 0.208333375
0.208333375 0.208333375 0.458333375 0.12499987499999998
0.2083335 0.2916665 0.125 0.375
0.2083335 0.2916665 0.2083335 0.2916665
0.2083335 0.2916665 0.2916665 0.2083335
0.2083335 0.2916665 0.375 0.125
0.2083335 0.375 0.125 0.2916665
0.208333375 0.374999875 0.208333375 0.208333375
0.2083335 0.375 0.2916665 0.125
0.208333375 0.458333375 0.12499987499999998 0.208333375
0.208333375 0.458333375 0.208333375 0.12499987499999998
0.2083335 0.5416665 0.125 0.125
0.2916665 0.125 0.125 0.4583335
0.2916665 0.125 0.2083335 0.375
0.291666625 0.12500012500000002 0.291666625 0.291666625
0.2916665 0.125 0.375 0.2083335
0.2916665 0.125 0.4583335 0.125
0.2916665 0.2083335 0.125 0.375
0.2916665 0.2083335 0.2083335 0.2916665
0.2916665 0.2083335 0.2916665 0.2083335
0.2916665 0.2083335 0.375 0.125
0.291666625 0.291666625 0.12500012500000002 0.291666625
0.2916665 0.2916665 0.2083335 0.2083335
0.291666625 0.291666625 0.291666625 0.12500012500000002
0.2916665 0.375 0.125 0.2083335
0.2916665 0.375 0.2083335 0.125
0.2916665 0.4583335 0.125 0.125
0.375 0.125 0.125 0.375
0.375 0.125 0.2083335 0.2916665
0.375 0.125 0.2916665 0.2083335
0.375 0.125 0.375 0.125
0.375 0.2083335 0.125 0.2916665
0.374999875 0.208333375 0.208333375 0.208333375
0.375 0.2083335 0.2916665 0.125
0.375 0.2916665 0.125 0.2083335
0.375 0.2916665 0.2083335 0.125
0.375 0.375 0.125 0.125
0.4583335 0.125 0.125 0.2916665
0.458333375 0.12499987499999998 0.208333375 0.208333375
0.4583335 0.125 0.2916665 0.125
0.458333375 0.208333375 0.12499987499999998 0.208333375
0.458333375 0.208333375 0.208333375 0.12499987499999998
0.4583335 0.2916665 0.125 0.125
0.5416665 0.125 0.125 0.2083335
0.5416665 0.125 0.2083335 0.125
0.5416665 0.2083335 0.125 0.125
0.625 0.125 0.125 0.125
