# 84 4
0.024999999999999994 0.024999999999999994 0.024999999999999994 0.925
0.024999999999999994 0.024999999999999994 0.1750003 0.7749997000000001
0.024999999999999994 0.024999999999999994 0.3249997 0.6250003000000001
0.024999999999999994 0.024999999999999994 0.475 0.475
0.024999999999999994 0.024999999999999994 0.6250003000000001 0.3249997
0.024999999999999994 0.024999999999999994 0.7749997000000001 0.1750003
0.024999999999999994 0.024999999999999994 0.925 0.024999999999999994
0.024999999999999994 0.1750003 0.024999999999999994 0.7749997000000001
0.024999775000000002 0.175000075 0.175000075 0.625000075
0.025000000000000022 0.17500030000000003 0.3249997 0.47500000000000003
0.024999999999999994 0.1750003 0.475 0.3249997
0.024999775000000002 0.175000075 0.625000075 0.175000075
0.024999999999999994 0.1750003 0.7749997000000001 0.024999999999999994
0.024999999999999994 0.3249997 0.024999999999999994 0.6250003000000001
0.025000000000000022 0.3249997 0.17500030000000003 0.47500000000000003
0.025000225000000015 0.32499992499999997 0.32499992499999997 0.32499992499999997
0.024999999999999994 0.3249997 0.475 0.1750003
0.024999999999999994 0.3249997 0.6250003000000001 0.024999999999999994
0.024999999999999994 0.475 0.024999999999999994 0.475
0.024999999999999994 0.475 0.1750003 0.3249997
0.024999999999999994 0.475 0.3249997 0.1750003
0.024999999999999994 0.475 0.475 0.024999999999999994
0.024999999999999994 0.6250003000000001 0.024999999999999994 0.3249997
0.024999775000000002 0.625000075 0.175000075 0.175000075
0.024999999999999994 0.6250003000000001 0.3249997 0.024999999999999994
0.024999999999999994 0.7749997000000001 0.024999999999999994 0.1750003
0.024999999999999994 0.7749997000000001 0.1750003 0.024999999999999994
0.024999999999999994 0.925 0.024999999999999994 0.024999999999999994
0.1750003 0.024999999999999994 0.024999999999999994 0.7749997000000001
0.175000075 0.024999775000000002 0.175000075 0.625000075
0.17500030000000003 0.025000000000000022 0.3249997 0.47500000000000003
0.1750003 0.024999999999999994 0.475 0.3249997
0.175000075 0.024999775000000002 0.625000075 0.175000075
0.1750003 0.024999999999999994 0.7749997000000001 0.024999999999999994
0.175000075 0.175000075 0.024999775000000002 0.625000075
0.175000075 0.175000075 0.175000075 0.474999775
0.1750003 0.1750003 0.3249997 0.3249997
0.175000075 0.175000075 0.474999775 0.175000075
0.175000075 0.175000075 0.625000075 0.024999775000000002
0.17500030000000003 0.3249997 0.025000000000000022 0.47500000000000003
0.17500030000000003 0.3249997 0.17500030000000003 0.3249997
0.17500030000000003 0.3249997 0.3249997 0.17500030000000003
0.17500030000000003 0.3249997 0.47500000000000003 0.025000000000000022
0.1750003 0.475 0.024999999999999994 0.3249997
0.175000075 0.474999775 0.175000075 0.175000075
0.1750003 0.475 0.3249997 0.024999999999999994
0.175000075 0.625000075 0.024999775000000002 0.175000075
0.175000075 0.625000075 0.175000075 0.024999775000000002
0.1750003 0.7749997000000001 0.024999999999999994 0.024999999999999994
0.3249997 0.024999999999999994 0.024999999999999994 0.6250003000000001
0.3249997 0.025000000000000022 0.17500030000000003 0.47500000000000003
0.32499992499999997 0.025000225000000015 0.32499992499999997 0.32499992499999997
0.3249997 0.024999999999999994 0.475 0.1750003
0.3249997 0.024999999999999994 0.6250003000000001 0.024999999999999994
0.3249997 0.17500030000000003 0.025000000000000022 0.47500000000000003
0.3249997 0.17500030000000003 0.17500030000000003 0.3249997
0.3249997 0.17500030000000003 0.3249997 0.17500030000000003
0.3249997 0.17500030000000003 0.47500000000000003 0.025000000000000022
0.32499992499999997 0.32499992499999997 0.025000225000000015 0.32499992499999997
0.3249997 0.3249997 0.17500030000000003 0.17500030000000003
0.32499992499999997 0.32499992499999997 0.32499992499999997 0.025000225000000015
0.3249997 0.475 0.024999999999999994 0.1750003
0.3249997 0.475 0.1750003 0.024999999999999994
0.3249997 0.6250003000000001 0.024999999999999994 0.024999999999999994
0.475 0.024999999999999994 0.024999999999999994 0.475
0.475 0.024999999999999994 0.1750003 0.3249997
0.475 0.024999999999999994 0.3249997 0.1750003
0.475 0.024999999999999994 0.475 0.024999999999999994
0.475 0.1750003 0.024999999999999994 0.3249997
0.474999775 0.175000075 0.175000075 0.175000075
0.475 0.1750003 0.3249997 0.024999999999999994
0.475 0.3249997 0.024999999999999994 0.1750003
0.475 0.3249997 0.1750003 0.024999999999999994
0.475 0.475 0.024999999999999994 0.024999999999999994
0.6250003000000001 0.024999999999999994 0.024999999999999994 0.3249997
0.625000075 0.024999775000000002 0.175000075 0.175000075
0.6250003000000001 0.024999999999999994 0.3249997 0.024999999999999994
0.625000075 0.175000075 0.024999775000000002 0.175000075
0.625000075 0.175000075 0.175000075 0.024999775000000002
0.6250003000000001 0.3249997 0.024999999999999994 0.024999999999999994
0.7749997000000001 0.024999999999999994 0.024999999999999994 0.1750003
0.7749997000000001 0.024999999999999994 0.1750003 0.024999999999999994
0.7749997000000001 0.1750003 0.024999999999999994 0.024999999999999994
0.925 0.024999999999999994 0.024999999999999994 0.024999999999999994
