# 36 3
0.06666666666666665 0.06666666666666665 0.8666666666666667
0.06666666666666665 0.18095226666666667 0.7523810666666667
0.06666666666666665 0.2952378666666667 0.6380954666666666
0.06666666666666665 0.40952346666666667 0.5238098666666666
0.06666666666666665 0.5238098666666666 0.40952346666666667
0.06666666666666665 0.6380954666666666 0.2952378666666667
0.06666666666666665 0.7523810666666667 0.18095226666666667
0.06666666666666665 0.8666666666666667 0.06666666666666665
0.18095226666666667 0.06666666666666665 0.7523810666666667
0.18095226666666667 0.18095226666666667 0.6380954666666666
0.18095226666666667 0.2952378666666667 0.5238098666666666
0.18095253333333333 0.40952373333333336 0.40952373333333336
0.18095226666666667 0.5238098666666666 0.2952378666666667
0.1809522666666667 0.6380954666666666 0.1809522666666667
0.18095226666666667 0.7523810666666667 0.06666666666666665
0.2952378666666667 0.06666666666666665 0.6380954666666666
0.2952378666666667 0.18095226666666667 0.5238098666666666
0.2952381333333334 0.2952381333333334 0.40952373333333336
0.2952381333333334 0.40952373333333336 0.2952381333333334
0.29523786666666674 0.5238098666666666 0.1809522666666667
0.2952378666666667 0.6380954666666666 0.06666666666666665
0.40952346666666667 0.06666666666666665 0.5238098666666666
0.40952373333333336 0.18095253333333333 0.40952373333333336
0.40952373333333336 0.2952381333333334 0.2952381333333334
0.40952373333333336 0.40952373333333336 0.18095253333333333
0.40952346666666667 0.5238098666666666 0.06666666666666665
0.5238098666666666 0.06666666666666665 0.40952346666666667
0.5238098666666666 0.18095226666666667 0.2952378666666667
0.5238098666666666 0.29523786666666674 0.1809522666666667
0.5238098666666666 0.40952346666666667 0.06666666666666665
0.6380954666666666 0.06666666666666665 0.2952378666666667
0.6380954666666666 0.1809522666666667 0.1809522666666667
0.6380954666666666 0.2952378666666667 0.06666666666666665
0.7523810666666667 0.06666666666666665 0.18095226666666667
0.7523810666666667 0.18095226666666667 0.06666666666666665
0.8666666666666667 0.06666666666666665 0.06666666666666665
