# 36 3
0.033333333333333326 0.033333333333333326 0.9333333333333333
0.033333333333333326 0.16190463333333335 0.8047620333333333
0.03333333333333329 0.2904759333333333 0.6761907333333333
0.03333333333333336 0.4190472333333334 0.5476194333333333
0.03333333333333336 0.5476194333333333 0.4190472333333334
0.03333333333333329 0.6761907333333333 0.2904759333333333
0.033333333333333326 0.8047620333333333 0.16190463333333335
0.033333333333333326 0.9333333333333333 0.033333333333333326
0.16190463333333335 0.033333333333333326 0.8047620333333333
0.16190463333333333 0.16190463333333333 0.6761907333333333
0.16190463333333335 0.2904759333333334 0.5476194333333333
0.16190493333333333 0.41904753333333333 0.41904753333333333
0.16190463333333333 0.5476194333333333 0.2904759333333333
0.16190463333333333 0.6761907333333333 0.16190463333333333
0.16190463333333335 0.8047620333333333 0.033333333333333326
0.2904759333333333 0.03333333333333329 0.6761907333333333
0.2904759333333334 0.16190463333333335 0.5476194333333333
0.2904762333333334 0.2904762333333334 0.41904753333333333
0.2904762333333334 0.41904753333333333 0.2904762333333334
0.2904759333333334 0.5476194333333333 0.16190463333333335
0.2904759333333333 0.6761907333333333 0.03333333333333329
0.4190472333333334 0.03333333333333336 0.5476194333333333
0.41904753333333333 0.16190493333333333 0.41904753333333333
0.41904753333333333 0.2904762333333334 0.2904762333333334
0.41904753333333333 0.41904753333333333 0.16190493333333333
0.4190472333333334 0.5476194333333333 0.03333333333333336
0.5476194333333333 0.03333333333333336 0.4190472333333334
0.5476194333333333 0.16190463333333333 0.2904759333333333
0.5476194333333333 0.2904759333333334 0.16190463333333335
0.5476194333333333 0.4190472333333334 0.03333333333333336
0.6761907333333333 0.03333333333333329 0.2904759333333333
0.6761907333333333 0.16190463333333333 0.16190463333333333
0.6761907333333333 0.2904759333333333 0.03333333333333329
0.8047620333333333 0.033333333333333326 0.16190463333333335
0.8047620333333333 0.16190463333333335 0.033333333333333326
0.9333333333333333 0.033333333333333326 0.033333333333333326
