# 36 3
0.16666666666666666 0.16666666666666666 0.6666666666666666
0.16666666666666666 0.23809516666666666 0.5952381666666666
0.16666666666666666 0.30952366666666664 0.5238096666666666
0.16666666666666666 0.38095216666666665 0.4523811666666666
0.16666666666666666 0.4523811666666666 0.38095216666666665
0.16666666666666666 0.5238096666666666 0.30952366666666664
0.16666666666666666 0.5952381666666666 0.23809516666666666
0.16666666666666666 0.6666666666666666 0.16666666666666666
0.23809516666666666 0.16666666666666666 0.5952381666666666
0.23809516666666666 0.23809516666666666 0.5238096666666666
0.23809516666666666 0.30952366666666664 0.4523811666666666
0.23809533333333333 0.38095233333333334 0.38095233333333334
0.23809516666666666 0.4523811666666666 0.30952366666666664
0.23809516666666666 0.5238096666666666 0.23809516666666666
0.23809516666666666 0.5952381666666666 0.16666666666666666
0.30952366666666664 0.16666666666666666 0.5238096666666666
0.30952366666666664 0.23809516666666666 0.4523811666666666
0.30952383333333333 0.30952383333333333 0.38095233333333334
0.30952383333333333 0.38095233333333334 0.30952383333333333
0.30952366666666664 0.4523811666666666 0.23809516666666666
0.30952366666666664 0.5238096666666666 0.16666666666666666
0.38095216666666665 0.16666666666666666 0.4523811666666666
0.38095233333333334 0.23809533333333333 0.38095233333333334
0.38095233333333334 0.30952383333333333 0.30952383333333333
0.38095233333333334 0.38095233333333334 0.23809533333333335
0.38095216666666665 0.4523811666666666 0.16666666666666666
0.4523811666666666 0.16666666666666666 0.38095216666666665
0.4523811666666666 0.23809516666666666 0.30952366666666664
0.4523811666666666 0.30952366666666664 0.23809516666666666
0.4523811666666666 0.38095216666666665 0.16666666666666666
0.5238096666666666 0.16666666666666666 0.30952366666666664
0.5238096666666666 0.23809516666666666 0.23809516666666666
0.5238096666666666 0.30952366666666664 0.16666666666666666
0.5952381666666666 0.16666666666666666 0.23809516666666666
0.5952381666666666 0.23809516666666666 0.16666666666666666
0.6666666666666666 0.16666666666666666 0.16666666666666666
