# 36 3
0.3 0.3 0.4
0.3 0.3142857 0.3857143
0.3 0.3285714 0.3714286
0.3 0.34285709999999997 0.3571429
0.3 0.3571429 0.34285709999999997
0.3 0.3714286 0.3285714
0.3 0.3857143 0.3142857
0.3 0.4 0.3
0.3142857 0.3 0.3857143
0.3142857 0.3142857 0.3714286
0.3142857 0.3285714 0.3571429
0.3142857333333333 0.3428571333333333 0.3428571333333333
0.3142857 0.3571429 0.3285714
0.3142857 0.3714286 0.3142857
0.3142857 0.3857143 0.3
0.3285714 0.3 0.3714286
0.3285714 0.3142857 0.3571429
0.32857143333333333 0.32857143333333333 0.3428571333333333
0.32857143333333333 0.3428571333333333 0.32857143333333333
0.3285714 0.3571429 0.3142857
0.3285714 0.3714286 0.3
0.34285709999999997 0.3 0.3571429
0.3428571333333333 0.3142857333333333 0.3428571333333333
0.3428571333333333 0.32857143333333333 0.32857143333333333
0.3428571333333333 0.3428571333333333 0.3142857333333333
0.34285709999999997 0.3571429 0.3
0.3571429 0.3 0.34285709999999997
0.3571429 0.3142857 0.3285714
0.3571429 0.3285714 0.3142857
0.3571429 0.34285709999999997 0.3
0.3714286 0.3 0.3285714
0.3714286 0.3142857 0.3142857
0.3714286 0.3285714 0.3
0.3857143 0.3 0.3142857
0.3857143 0.3142857 0.3
0.4 0.3 0.3
