# 84 4
0.1 0.1 0.1 0.7
0.1 0.1 0.20000020000000002 0.5999998
0.1 0.1 0.2999998 0.5000002
0.1 0.1 0.4 0.4
0.1 0.1 0.5000002 0.2999998
0.1 0.1 0.5999998 0.20000020000000002
0.1 0.1 0.7 0.1
0.1 0.20000020000000002 0.1 0.5999998
0.09999985 0.20000004999999998 0.20000004999999998 0.5000000499999999
0.1 0.20000020000000002 0.2999998 0.4
0.1 0.20000020000000002 0.4 0.2999998
0.09999985 0.20000004999999998 0.5000000499999999 0.20000004999999998
0.1 0.20000020000000002 0.5999998 0.1
0.1 0.2999998 0.1 0.5000002
0.1 0.2999998 0.20000020000000002 0.4
0.10000015000000001 0.29999995 0.29999995 0.29999995
0.1 0.2999998 0.4 0.20000020000000002
0.1 0.2999998 0.5000002 0.1
0.1 0.4 0.1 0.4
0.1 0.4 0.20000020000000002 0.2999998
0.1 0.4 0.2999998 0.20000020000000002
0.1 0.4 0.4 0.1
0.1 0.5000002 0.1 0.2999998
0.09999985 0.5000000499999999 0.20000004999999998 0.20000004999999998
0.1 0.5000002 0.2999998 0.1
0.1 0.5999998 0.1 0.20000020000000002
0.1 0.5999998 0.20000020000000002 0.1
0.1 0.7 0.1 0.1
0.20000020000000002 0.1 0.1 0.5999998
0.20000004999999998 0.09999985 0.20000004999999998 0.5000000499999999
0.20000020000000002 0.1 0.2999998 0.4
0.20000020000000002 0.1 0.4 0.2999998
0.20000004999999998 0.09999985 0.5000000499999999 0.20000004999999998
0.20000020000000002 0.1 0.5999998 0.1
0.20000004999999998 0.20000004999999998 0.09999985 0.5000000499999999
0.20000004999999998 0.20000004999999998 0.20000004999999998 0.39999985
0.20000020000000002 0.20000020000000002 0.2999998 0.2999998
0.20000004999999998 0.20000004999999998 0.39999985 0.20000004999999998
0.20000004999999998 0.20000004999999998 0.5000000499999999 0.09999985
0.20000020000000002 0.2999998 0.1 0.4
0.20000020000000002 0.2999998 0.20000020000000002 0.2999998
0.20000020000000002 0.2999998 0.2999998 0.20000020000000002
0.20000020000000002 0.2999998 0.4 0.1
0.20000020000000002 0.4 0.1 0.2999998
0.20000004999999998 0.39999985 0.20000004999999998 0.20000004999999998
0.20000020000000002 0.4 0.2999998 0.1
0.20000004999999998 0.5000000499999999 0.09999985 0.20000004999999998
0.20000004999999998 0.5000000499999999 0.20000004999999998 0.09999985
0.20000020000000002 0.5999998 0.1 0.1
0.2999998 0.1 0.1 0.5000002
0.2999998 0.1 0.20000020000000002 0.4
0.29999995 0.10000015000000001 0.29999995 0.29999995
0.2999998 0.1 0.4 0.20000020000000002
0.2999998 0.1 0.5000002 0.1
0.2999998 0.20000020000000002 0.1 0.4
0.2999998 0.20000020000000002 0.20000020000000002 0.2999998
0.2999998 0.20000020000000002 0.2999998 0.20000020000000002
0.2999998 0.20000020000000002 0.4 0.1
0.29999995 0.29999995 0.10000015000000001 0.29999995
0.2999998 0.2999998 0.20000020000000002 0.20000020000000002
0.29999995 0.29999995 0.29999995 0.10000015000000001
0.2999998 0.4 0.1 0.20000020000000002
0.2999998 0.4 0.20000020000000002 0.1
0.2999998 0.5000002 0.1 0.1
0.4 0.1 0.1 0.4
0.4 0.1 0.20000020000000002 0.2999998
0.4 0.1 0.2999998 0.20000020000000002
0.4 0.1 0.4 0.1
0.4 0.20000020000000002 0.1 0.2999998
0.39999985 0.20000004999999998 0.20000004999999998 0.20000004999999998
0.4 0.20000020000000002 0.2999998 0.1
0.4 0.2999998 0.1 0.20000020000000002
0.4 0.2999998 0.20000020000000002 0.1
0.4 0.4 0.1 0.1
0.5000002 0.1 0.1 0.2999998
0.5000000499999999 0.09999985 0.20000004999999998 0.20000004999999998
0.5000002 0.1 0.2999998 0.1
0.5000000499999999 0.20000004999999998 0.09999985 0.20000004999999998
0.5000000499999999 0.20000004999999998 0.20000004999999998 0.09999985
0.5000002 0.2999998 0.1 0.1
0.5999998 0.1 0.1 0.20000020000000002
0.5999998 0.1 0.20000020000000002 0.1
0.5999998 0.20000020000000002 0.1 0.1
0.7 0.1 0.1 0.1
