# 84 4
0.175 0.175 0.175 0.47500000000000003
0.175 0.175 0.2250001 0.4249999
0.175 0.175 0.2749999 0.37500010000000006
0.175 0.175 0.325 0.325
0.175 0.175 0.37500010000000006 0.2749999
0.175 0.175 0.4249999 0.2250001
0.175 0.175 0.47500000000000003 0.175
0.175 0.2250001 0.175 0.4249999
0.174999925 0.22500002500000002 0.22500002500000002 0.37500002500000007
0.175 0.2250001 0.2749999 0.325
0.175 0.2250001 0.325 0.2749999
0.174999925 0.22500002500000002 0.37500002500000007 0.22500002500000002
0.175 0.2250001 0.4249999 0.175
0.175 0.2749999 0.175 0.37500010000000006
0.175 0.2749999 0.2250001 0.325
0.17500007499999998 0.274999975 0.274999975 0.274999975
0.175 0.2749999 0.325 0.2250001
0.175 0.2749999 0.37500010000000006 0.175
0.175 0.325 0.175 0.325
0.175 0.325 0.2250001 0.2749999
0.175 0.325 0.2749999 0.2250001
0.175 0.325 0.325 0.175
0.175 0.37500010000000006 0.175 0.2749999
0.174999925 0.37500002500000007 0.22500002500000002 0.22500002500000002
0.175 0.37500010000000006 0.2749999 0.175
0.175 0.4249999 0.175 0.2250001
0.175 0.4249999 0.2250001 0.175
0.175 0.47500000000000003 0.175 0.175
0.2250001 0.175 0.175 0.4249999
0.22500002500000002 0.174999925 0.22500002500000002 0.37500002500000007
0.2250001 0.175 0.2749999 0.325
0.2250001 0.175 0.325 0.2749999
0.22500002500000002 0.174999925 0.37500002500000007 0.22500002500000002
0.2250001 0.175 0.4249999 0.175
0.22500002500000002 0.22500002500000002 0.174999925 0.37500002500000007
0.22500002500000002 0.22500002500000002 0.22500002500000002 0.324999925
0.2250001 0.2250001 0.2749999 0.2749999
0.22500002500000002 0.22500002500000002 0.324999925 0.22500002500000002
0.22500002500000002 0.22500002500000002 0.37500002500000007 0.174999925
0.2250001 0.2749999 0.175 0.325
0.2250001 0.2749999 0.2250001 0.2749999
0.2250001 0.2749999 0.2749999 0.2250001
0.2250001 0.2749999 0.325 0.175
0.2250001 0.325 0.175 0.2749999
0.22500002500000002 0.324999925 0.22500002500000002 0.22500002500000002
0.2250001 0.325 0.2749999 0.175
0.22500002500000002 0.37500002500000007 0.174999925 0.22500002500000002
0.22500002500000002 0.37500002500000007 0.22500002500000002 0.174999925
0.2250001 0.4249999 0.175 0.175
0.2749999 0.175 0.175 0.37500010000000006
0.2749999 0.175 0.2250001 0.325
0.274999975 0.17500007499999998 0.274999975 0.274999975
0.2749999 0.175 0.325 0.2250001
0.2749999 0.175 0.37500010000000006 0.175
0.2749999 0.2250001 0.175 0.325
0.2749999 0.2250001 0.2250001 0.2749999
0.2749999 0.2250001 0.2749999 0.2250001
0.2749999 0.2250001 0.325 0.175
0.274999975 0.274999975 0.17500007499999998 0.274999975
0.2749999 0.2749999 0.2250001 0.2250001
0.274999975 0.274999975 0.274999975 0.17500007499999998
0.2749999 0.325 0.175 0.2250001
0.2749999 0.325 0.2250001 0.175
0.2749999 0.37500010000000006 0.175 0.175
0.325 0.175 0.175 0.325
0.325 0.175 0.2250001 0.2749999
0.325 0.175 0.2749999 0.2250001
0.325 0.175 0.325 0.175
0.325 0.2250001 0.175 0.2749999
0.324999925 0.22500002500000002 0.22500002500000002 0.22500002500000002
0.325 0.2250001 0.2749999 0.175
0.325 0.2749999 0.175 0.2250001
0.325 0.2749999 0.2250001 0.175
0.325 0.325 0.175 0.175
0.37500010000000006 0.175 0.175 0.2749999
0.37500002500000007 0.174999925 0.22500002500000002 0.22500002500000002
0.37500010000000006 0.175 0.2749999 0.175
0.37500002500000007 0.22500002500000002 0.174999925 0.22500002500000002
0.37500002500000007 0.22500002500000002 0.22500002500000002 0.174999925
0.37500010000000006 0.2749999 0.175 0.175
0.4249999 0.175 0.175 0.2250001
0.4249999 0.175 0.2250001 0.175
0.4249999 0.2250001 0.175 0.175
0.47500000000000003 0.175 0.175 0.175
